-0.032681 0.930299 0.365344
0.998387 0.013410 0.055162
0.046418 0.366557 -0.929237
2.012531 2.061200 0.440053
-109.789421 -101.311684 245.302048
-0.017495 0.864573 -0.502202
0.998582 0.040371 0.034715
0.050288 -0.500882 -0.864053
-1.879144 -1.938413 0.470168
84.927040 -96.676392 284.545227
-0.032689 0.930315 0.365301
0.998387 0.013421 0.055161
0.046415 0.366515 -0.929254
2.012547 2.061236 0.440008
-109.791222 -101.312035 245.300720
-0.017494 0.864567 -0.502213
0.998581 0.040377 0.034725
0.050300 -0.500893 -0.864046
-1.879130 -1.938403 0.470167
84.925064 -96.674568 284.555939
-0.032748 0.930336 0.365242
0.998384 0.013467 0.055212
0.046447 0.366460 -0.929274
2.012543 2.061344 0.439998
-109.786148 -101.315697 245.305267
