-0.035706 0.929942 0.365970
0.997767 0.012488 0.065615
0.056448 0.367495 -0.928311
2.014832 2.065834 0.452685
-241.454010 -103.097107 231.559280
-0.018671 0.883851 -0.467395
0.998371 0.041688 0.038951
0.053911 -0.465906 -0.883190
-1.900355 -1.962273 0.431069
-46.112701 -98.711487 271.665802
-0.035765 0.929891 0.366092
0.997759 0.012495 0.065737
0.056554 0.367622 -0.928254
2.014760 2.065833 0.452943
-241.445358 -103.092834 231.538300
-0.018681 0.883843 -0.467411
0.998371 0.041695 0.038940
0.053905 -0.465922 -0.883182
-1.900339 -1.962274 0.431094
-46.111103 -98.711685 271.666809
-0.035735 0.929918 0.366028
0.997762 0.012484 0.065694
0.056520 0.367556 -0.928282
2.014809 2.065839 0.452832
-241.449844 -103.092720 231.549515
