<?xml version="1.0"?>
<opencv_storage>
    <focal>1000</focal>
    <image_size> 1000 1000 </image_size>

    <distortion type_id="opencv-matrix">
        <rows>4</rows>
        <cols>1</cols>
        <dt>d</dt>
        <data>
        2.7966400000000002e-01 -1.6572570000000000e+00
        6.3150000000000003e-03 -3.7429999999999998e-03</data></distortion>
        
    <rotation> 0.0 0.0 0.0 </rotation>
    <translation> 0.0 0.0 100.0 </translation>
    <block_size>40 40</block_size>
    <grid_size>6 4</grid_size>
    <folder>"P_0"</folder>
</opencv_storage>
