<?xml version="1.0"?>
<opencv_storage>
<camera type_id="opencv-matrix">
  <rows>3</rows>
  <cols>3</cols>
  <dt>d</dt>
  <data>
    2784. 0. 464. 0. 2784. 400. 0. 0. 1.</data></camera>
<distortion type_id="opencv-matrix">
  <rows>5</rows>
  <cols>1</cols>
  <dt>d</dt>
  <data>
    1.7299999999999993e+00 -1.2389000000000005e+01
    8.0000000000000002e-03 0. -1.7746399999999971e+02</data></distortion>
</opencv_storage>
