0.400828 -0.014668 0.916036
-0.055261 -0.998438 0.008193
0.914485 -0.053905 -0.401012
-2.597972 0.064877 -1.698276
-71.734222 140.554825 854.800903
0.411318 -0.018142 -0.911311
-0.005404 -0.999833 0.017465
-0.911476 -0.002259 -0.411347
-2.629167 0.021933 1.697933
46.563168 126.508972 1031.654175
0.400805 -0.014671 0.916046
-0.055264 -0.998438 0.008189
0.914495 -0.053907 -0.400990
-2.597951 0.064884 -1.698308
-71.728928 140.554306 854.774353
0.411291 -0.018146 -0.911323
-0.005427 -0.999833 0.017459
-0.911488 -0.002235 -0.411321
-2.629156 0.021958 1.697981
46.565872 126.511208 1031.649658
0.400815 -0.014657 0.916042
-0.055256 -0.998439 0.008201
0.914491 -0.053904 -0.400999
-2.597957 0.064862 -1.698291
-71.733406 140.554214 854.793213
