<?xml version="1.0"?>
<opencv_storage>
<camera type_id="opencv-matrix">
  <rows>3</rows>
  <cols>3</cols>
  <dt>d</dt>
  <data>
    7392. 0. 1.2320029999999999e+03 0. 7392. 1.0280010000000000e+03 0.
    0. 1.</data></camera>
<distortion type_id="opencv-matrix">
  <rows>5</rows>
  <cols>1</cols>
  <dt>d</dt>
  <data>
    6.1199999999999999e-01 -1.3826000000000002e+01
    -5.0999999999999997e-02 0. 6.8200000000000003e+00</data></distortion>
</opencv_storage>
