<?xml version="1.0"?>
<opencv_storage>
<camera type_id="opencv-matrix">
  <rows>3</rows>
  <cols>3</cols>
  <dt>d</dt>
  <data>
    6624. 0. 1.1040029999999999e+03 0. 6624. 6.2099900000000002e+02 0.
    0. 1.</data></camera>
<distortion type_id="opencv-matrix">
  <rows>5</rows>
  <cols>1</cols>
  <dt>d</dt>
  <data>
    -4.0509999999999904e+00 1.8300500000000019e+02
    -3.2000000000000001e-02 -4.0000000000000053e-03
    -3.6983929999999891e+03</data></distortion>
<image_size>2208 1242</image_size>
</opencv_storage>
