<?xml version="1.0"?>
<opencv_storage>
<camera type_id="opencv-matrix">
  <rows>3</rows>
  <cols>3</cols>
  <dt>d</dt>
  <data>
    2784. 0. 4.6399900000000002e+02 0. 2784. 400. 0. 0. 1.</data></camera>
<distortion type_id="opencv-matrix">
  <rows>5</rows>
  <cols>1</cols>
  <dt>d</dt>
  <data>
    1.3269999999999997e+00 -2.6050000000000000e+00
    -8.0000000000000002e-03 5.0000000000000001e-03
    -2.1743799999999996e+02</data></distortion>
<image_size>928 800</image_size>
</opencv_storage>
