0.856738 -0.031189 0.514809
-0.037945 -0.999276 0.002607
0.514355 -0.021768 -0.857301
3.039168 -0.056582 0.842320
-115.637337 126.722183 445.689911
0.777513 -0.030307 -0.628137
-0.012237 -0.999378 0.033071
-0.628748 -0.018027 -0.777400
2.987219 -0.035756 -1.056355
131.181793 118.251610 533.075867
0.856762 -0.031242 0.514764
-0.037977 -0.999275 0.002560
0.514311 -0.021743 -0.857328
3.039151 -0.056651 0.842232
-115.630096 126.724434 445.683258
0.856787 -0.031255 0.514723
-0.037996 -0.999275 0.002570
0.514269 -0.021760 -0.857353
3.039185 -0.056678 0.842162
-115.636566 126.729630 445.708099
0.777655 -0.030321 -0.627960
-0.012247 -0.999377 0.033089
-0.628572 -0.018041 -0.777542
2.987354 -0.035776 -1.056021
131.164429 118.246704 533.060242
