0.898737 -0.044453 0.436229
-0.039599 -0.999011 -0.020219
0.436696 0.000897 -0.899608
-3.071584 0.067987 -0.706087
-261.243713 144.435043 362.974182
0.865072 -0.040469 -0.500012
-0.036333 -0.999177 0.018010
-0.500330 0.002587 -0.865831
-3.026057 0.062306 0.811536
-0.072829 134.641190 439.891907
0.898730 -0.044441 0.436245
-0.039586 -0.999012 -0.020218
0.436713 0.000901 -0.899601
-3.071579 0.067967 -0.706115
-261.242249 144.433807 362.975098
0.865423 -0.040187 -0.499429
-0.036394 -0.999187 0.017336
-0.499719 0.003173 -0.866182
-3.026972 0.062134 0.810657
-0.156742 134.639328 439.717194
0.898798 -0.044458 0.436102
-0.039590 -0.999011 -0.020248
0.436571 0.000934 -0.899669
-3.071666 0.067984 -0.705879
-261.250763 144.432907 362.990051
