0.647512 -0.023085 0.761705
-0.065069 -0.997566 0.025080
0.759272 -0.065804 -0.647438
2.896611 -0.077555 1.338089
-201.233704 128.909851 715.674133
0.718012 -0.033578 -0.695220
0.003525 -0.998647 0.051874
-0.696022 -0.039696 -0.716923
2.957367 -0.025886 -1.198286
-7.058744 113.389114 863.653320
0.647530 -0.023096 0.761690
-0.065073 -0.997565 0.025072
0.759256 -0.065800 -0.647457
2.896620 -0.077567 1.338051
-201.234924 128.910629 715.682312
0.717967 -0.033582 -0.695266
0.003561 -0.998645 0.051913
-0.696068 -0.039748 -0.716875
2.957374 -0.025858 -1.198401
-7.053305 113.385773 863.662476
0.647540 -0.023075 0.761682
-0.065077 -0.997564 0.025105
0.759247 -0.065824 -0.647465
2.896657 -0.077552 1.338046
-201.242279 128.907913 715.702942
