0.683943 -0.024253 0.729132
-0.060690 -0.997874 0.023735
0.727007 -0.060484 -0.683961
-2.840427 0.071685 -1.228856
-112.428146 136.901566 691.565552
0.692488 -0.034506 -0.720604
-0.005697 -0.999086 0.042367
-0.721407 -0.025233 -0.692051
-2.856102 0.033935 1.217195
88.994331 122.126312 828.140869
0.683963 -0.024228 0.729115
-0.060668 -0.997875 0.023752
0.726990 -0.060480 -0.683979
-2.840438 0.071645 -1.228817
-112.432549 136.899536 691.566711
0.692545 -0.034385 -0.720555
-0.005602 -0.999090 0.042292
-0.721353 -0.025252 -0.692107
-2.856179 0.033753 1.217098
88.973961 122.114304 828.151733
0.683982 -0.024256 0.729095
-0.060586 -0.997883 0.023638
0.726978 -0.060341 -0.684004
-2.840581 0.071601 -1.228834
-112.432358 136.891342 691.567078
