0.652232 -0.022384 0.757689
-0.066813 -0.997371 0.028050
0.755069 -0.068918 -0.652013
2.903715 -0.078447 1.330446
-194.803940 127.454262 714.796814
0.710420 -0.033019 -0.703003
0.005076 -0.998632 0.052034
-0.703760 -0.040534 -0.709281
2.951417 -0.024127 -1.214611
0.283340 111.529877 862.084106
0.652229 -0.022367 0.757692
-0.066771 -0.997374 0.028034
0.755075 -0.068877 -0.652010
2.903685 -0.078395 1.330440
-194.805130 127.446457 714.796326
0.710466 -0.032888 -0.702962
0.005110 -0.998640 0.051885
-0.703713 -0.040455 -0.709332
2.951343 -0.023982 -1.214467
0.246260 111.527000 862.042480
0.652257 -0.022339 0.757669
-0.066807 -0.997370 0.028106
0.755048 -0.068949 -0.652034
2.903780 -0.078403 1.330421
-194.814423 127.451553 714.822388
